0.000001 0.0001 0.029 0.2 12 100
2.8e-8 7.6e-6 0.0013 0.47 11.65 20.81
1.559e-7 1.8195e-5 0.0022233 0.31292 58.902 85.585
1.5593750086279e-007 1.81957449085774e-005 0.00222332432222336 0.312923247442178 58.90283203125 85.5859375
3.28869260322855e-008 1.42842115527165e-005 0.000789965393000204 0.0412959904727002 50.90234375 29.33349609375
5.75984125169674e-005 0.0010725233252407 0.00523395370917871 0.297738878123765 42.04736328125 72.3095703125
1.00049287169927e-007 1.54226894664578e-005 0.00614590173795222 0.182936394077658 22.298828125 53.5546875
4.24687933753163e-007 1.48175518694122e-005 0.00421514255601959 0.31530980394115 26.87890625 33.35205078125
4.74550790286282e-008 1.91067569931416e-005 0.00146762579096709 0.26067276946879 39.14208984375 90.38330078125
2.89225799088791e-008 7.26223040281994e-006 0.00117330607800293 0.364628337248491 67.90185546875 87.93701171875
5.52238663572606e-006 0.000147628667547073 0.0217764464723407 0.723631381511962 13.09716796875 36.46728515625
4.66261108518518e-007 5.83734513423592e-005 0.00421916659364127 0.0972974135154749 65.94384765625 85.90576171875
1.59062343365084e-008 5.25124012251446e-006 0.000942851971977097 0.452898957881839 64.20068359375 84.06494140625
2.52121324021923e-008 6.47515782809261e-006 0.000756462312768102 0.344505272564564 41.40283203125 39.8583984375
7.42838388898295e-006 0.000284663803719269 0.00173831094325736 0.0973746635947598 80.208984375 59.07470703125
9.02417575330745e-009 1.16459191557856e-005 0.00205589194590862 0.339397730098105 59.14697265625 74.248046875
8.88411710122341e-008 1.05600919699723e-005 0.00257628220905179 0.11128800384723 41.43701171875 54.7265625
5.45236877005566e-007 3.2224323070353e-005 0.00267301455229515 0.0989775065790534 65.404296875 37.9931640625
4.71543073180718e-006 0.000213888781381995 0.0113085332374968 0.793571182382471 19.4765625 51.50146484375
6.07484899431194e-008 2.00269856723472e-005 0.00430971372661313 0.430319403914026 66.5712890625 97.24609375
2.8420686114105e-007 3.82026718360025e-005 0.00115213774529085 0.204501495791838 73.3828125 42.03369140625
4.36034168718024e-008 2.56511222401414e-006 0.00137081384772771 0.527978741225517 33.099609375 54.0234375
3.77422140135657e-008 8.97893824335235e-006 0.00176356099248968 0.554008691722194 80.7998046875 81.89453125
1.32435248557368e-008 2.15810490646334e-006 0.000828922456669173 0.124878610581706 58.69287109375 33.8427734375
1.82579149548802e-008 6.75364790739176e-006 0.00169632921084232 0.27847015213462 24.16162109375 32.82470703125
1.9672307158944e-008 8.59401371119099e-006 0.00349796808565378 0.45106597432429 55.81689453125 82.13134765625
2.76700921274572e-007 4.59275821756001e-005 0.00731850443394633 1.6029137696063 13.5390625 84.61669921875
3.21527479646938e-006 0.000145321916444409 0.00484020105297486 0.781407195701707 33.00927734375 74.18212890625
8.26980757121974e-009 3.57268973513767e-006 0.000879810629081576 0.253359244323107 57.77978515625 45.0244140625
1.06804519889631e-007 6.81208779834466e-006 0.00177970674393639 0.140540914285191 27.85791015625 27.38037109375
4.62985741090149e-005 0.000892234309721241 0.00392720289562888 0.237854016205577 64.603515625 84.23095703125
2.62001815864588e-007 7.53839204356949e-006 0.0011470349804652 0.60033282197312 71.44189453125 97.138671875
4.1027718187051e-008 8.4231359596624e-006 0.00237030334743943 0.190220289094451 47.8603515625 81.05712890625
1.42293652913307e-007 4.01565041447272e-006 0.00205468161683873 0.180371418826152 65.86328125 49.2626953125
1.01684015013971e-007 1.0642120087356e-005 0.00102295607598256 0.640196916752198 16.6787109375 32.744140625
1.53598441299518e-006 0.000212799862356386 0.00669898746242091 1.05488918091049 16.0439453125 81.7578125
1.77517340686571e-008 3.0551194428673e-006 0.00146216289549908 0.339366885558792 46.2587890625 48.31298828125
3.8217009991066e-008 2.11963734759991e-006 0.000793032703300225 0.0872325766843512 80.20166015625 47.900390625
1.7721818706716e-005 0.00017921342117043 0.0170106003834096 0.294638278644058 74.11279296875 97.64892578125
1.92216274399752e-007 1.5682545068809e-005 0.000874138571509317 0.0450565882325405 80.4677734375 20.09033203125
4.56448200956267e-009 5.04312134413856e-006 0.00122285744796348 0.113894554498745 38.08740234375 24.1357421875
1.70339308676211e-008 7.2429638021957e-006 0.00103092042731803 0.235971111634088 55.90966796875 60.4052734375
4.66987344887437e-005 0.000337379729407288 0.0847157605096334 2.422369144754 3.97119140625 38.251953125
6.08803421234525e-006 0.000146743418129626 0.00195476026357496 0.364135909900221 74.720703125 78.94287109375
6.14665955861083e-008 9.65412254870986e-006 0.00214511425389248 0.366805250109452 50.66552734375 82.84423828125
9.98227122147172e-007 6.8089575289896e-005 0.0107347030847354 0.834164838840022 20.638671875 94.892578125
1.14482473566605e-008 8.09287068437544e-006 0.00188878230069942 0.392146852027658 19.7255859375 27.75146484375
1.38833664675515e-006 5.2244345112704e-005 0.00346415714263067 0.15118496382244 80.697265625 38.0322265625
4.72244686311888e-008 2.38932265622268e-005 0.00347445665985852 0.470785246461431 43.841796875 62.28759765625
4.23003197787255e-008 8.71796608964597e-006 0.00049199079173283 0.198202742157899 77.15234375 49.6435546875
9.09623059631114e-009 5.38216550596185e-006 0.000174857343800244 0.214889525800571 55.1162109375 38.6376953125
8.23460084162124e-008 4.75083761782726e-006 0.00308968609257163 0.469117805941555 16.01220703125 32.05322265625
7.07325870237017e-005 0.0069811171462375 0.0907376570074342 2.68736758728843 9.26171875 87.4267578125
2.88479633731967e-008 1.72536624713406e-005 0.000489942220300112 0.828352527251122 37.84814453125 84.94140625
2.60357502501668e-007 1.82963923525383e-005 0.00106732972011017 0.458490084820924 35.67041015625 68.85009765625
5.7584958670102e-008 5.78095908050616e-006 0.00181075024528678 0.0408225019778942 43.58544921875 24.130859375
1.89905893282186e-006 0.0005238776156048 0.00768937044419611 0.904939287554964 26.00732421875 68.44970703125
5.19067128568717e-008 2.25175982584944e-005 0.00315368165096315 0.089878499638348 78.80517578125 95.048828125
7.12648869857369e-007 4.81844122487999e-005 0.00612070655687602 0.581063960371605 35.36279296875 86.2158203125
2.5393749115249e-008 1.28225250205347e-005 0.00116146902837073 0.0564912532378046 64.5302734375 38.203125
3.85791205468006e-009 1.25478849677261e-006 0.000982003008703707 0.145757293622912 60.1650390625 30.91796875
1.44126366269386e-008 1.70952748697535e-005 0.00251617669660441 1.28085435486072 30.873046875 87.84912109375
2.32290484312336e-006 6.81367806477709e-005 0.00403638880486166 0.220419578532085 45.95361328125 48.6767578125
3.3850859776662e-007 3.69794484411796e-005 0.00820175268233112 2.19275303183814 11.81298828125 97.80029296875
1.11586009914386e-008 1.50802765344533e-006 0.00136258312284269 0.307981929382537 55.7900390625 55.44921875
5.3206139934023e-007 6.30694178407289e-005 0.00790889208608604 2.06758262496095 5.28466796875 39.63134765625
1.00139967388599e-006 0.000423158269168569 0.0119448234735887 3.77699375421185 6.458984375 77.79541015625
1.49412668132522e-008 1.2418453748527e-005 0.00172217204613309 0.20320777340201 62.1962890625 58.72802734375
4.05527076625624e-007 5.55427375077597e-005 0.00304946489549083 0.642519797712115 24.78173828125 84.4140625
2.94023416417798e-008 4.17101211167268e-006 0.0017036993409936 0.349436334529949 51.30517578125 72.55859375
1.47865268121774e-008 8.04133382871611e-007 0.000225648113121793 0.200152648165836 60.296875 23.04931640625
3.17644658655826e-007 8.15016687389108e-005 0.0159993396227469 0.883965286531469 3.9638671875 43.16162109375
6.27878950826899e-008 5.4699043023056e-006 0.00302350759142236 0.552739877405791 43.158203125 53.19091796875
5.90673936852624e-008 1.62087359322184e-005 0.00363450285698338 0.918138596559999 23.40478515625 82.26318359375
1.54288782040473e-007 5.30902089213289e-005 0.00868372772696985 3.51157136474625 7.58203125 94.384765625
1.78848546156719e-007 2.07872421459653e-005 0.00193453703778198 0.149976730259741 77.9287109375 62.63671875
2.68991061960024e-008 1.03020797041798e-005 0.000439475831450777 0.764943244974868 21.2490234375 43.427734375
1.24204300378578e-006 2.26656702123792e-005 0.00123421647362129 0.46966495142181 75.47265625 63.11279296875
3.49965142204856e-008 2.14918595553155e-006 0.000160645184167762 0.233134443947203 80.06982421875 40.57861328125
1.15252836811153e-007 9.66859136012647e-006 0.0039271149956369 0.0971806558977029 49.2177734375 97.46337890625
2.17865925453451e-008 1.41437413746085e-006 0.000725181849259885 0.415638075301033 35.27734375 35.849609375
1.75629756288842e-007 1.57756600732243e-005 0.00346934756763602 0.303509565960901 79.5546875 98.6279296875
1.91647422105647e-007 6.703321778654e-005 0.00925206752367038 1.98799651478152 6.2783203125 70.86181640625
1.30369622911598e-007 1.37240243447049e-005 0.00115178026948797 0.140907691258623 27.3427734375 20.03173828125
7.18552229475971e-006 0.000787256567889583 0.00756134337121009 0.300385546626999 47.86767578125 80.087890625
7.55713923624847e-009 1.01015432397887e-005 0.000261319536799703 0.367400888507175 66.62744140625 64.56787109375
2.69849169900311e-008 1.36512889051453e-005 0.0020932957599949 0.856382738476129 14.23486328125 37.33642578125
4.84234350240146e-008 1.96382135964512e-005 0.00447166291571972 0.393751779420374 32.044921875 69.53125
5.76232598467535e-006 3.90918560287184e-005 0.0119548990130895 0.110455192202221 44.94287109375 59.05517578125
7.41253844684806e-008 1.9782164314209e-006 0.00205531050685034 0.125956073142152 66.89599609375 92.1533203125
1.38514139636049e-006 0.000246552900845274 0.00572227187868793 1.91829482369336 19.4033203125 75.6689453125
4.46515062061385e-007 2.88193051039862e-005 0.00309485195706556 0.290517239401842 62.42822265625 65.56884765625
6.85829678053176e-008 1.21123410393629e-005 0.000149116645766392 0.133526542470673 56.5419921875 25.3271484375
1.15858139472735e-007 5.01884387061621e-005 0.015954135763544 2.62586803724744 7.1328125 78.95263671875
1.44823696487689e-008 1.11294803155997e-005 0.00614212446375222 1.4154017773461 5.27001953125 21.56005859375
5.38497982571196e-009 5.91421828466202e-006 0.00121460494235995 0.340160382839086 66.87646484375 68.20068359375
3.97632994003603e-007 9.64632304915085e-006 0.00397975684262302 0.163095533854095 49.02734375 47.080078125
7.34374974742122e-006 0.000330238094804236 0.00882778282492488 0.247732414532308 42.5380859375 94.94384765625
6.3120484116138e-006 0.00124784825681034 0.014747121861339 7.961514678469 4.056640625 80.50537109375
3.44856044665451e-008 4.4145022337526e-006 0.000737301246928942 0.167647309618468 51.2392578125 31.8701171875
3.27289619401819e-007 5.00626342040964e-005 0.00413507703929427 0.105716118225005 36.2197265625 61.05224609375
1.07922275185579e-007 3.333704377666e-005 0.00123249245132499 0.083034330210443 60.6484375 51.19140625
3.24022131125435e-008 7.13007888214804e-006 0.00068542136066771 0.243880912062214 45.12353515625 68.32763671875
